rho,l,C11,C12,C44,duration,name,material,R,z1,l/R,Ct,eta1,eta2,eta3,eta4,eta5,eta6
3.515,2.0,1280000000.0,124000000.0,578000000.0,14829.828164,CaCube_8.05_2.0_20250428-105421,Carbonium,4.993796526054591,0.0,0.40049689440993785,12823.342868880141,0.1726291,0.1728949,0.1731879,0.1734525,0.1740358,0.1791913
3.515,2.0,1280000000.0,124000000.0,578000000.0,14829.828164,CaCube_8.05_2.0_20250428-105421,Carbonium,4.993796526054591,0.1,0.40049689440993785,12823.342868880141,0.7670138,1.0190228,1.0342974,1.0549043,1.0610142,1.0909814
3.515,2.0,1280000000.0,124000000.0,578000000.0,14829.828164,CaCube_8.05_2.0_20250428-105421,Carbonium,4.993796526054591,0.2,0.40049689440993785,12823.342868880141,0.9446489,1.2556756,1.3181284,1.3501094,1.3582237,1.4272515
3.515,2.0,1280000000.0,124000000.0,578000000.0,14829.828164,CaCube_8.05_2.0_20250428-105421,Carbonium,4.993796526054591,0.3,0.40049689440993785,12823.342868880141,1.0889226,1.4463373,1.5228199,1.5904715,1.6045324,1.6769504
3.515,2.0,1280000000.0,124000000.0,578000000.0,14829.828164,CaCube_8.05_2.0_20250428-105421,Carbonium,4.993796526054591,0.4,0.40049689440993785,12823.342868880141,1.2148075,1.6125586,1.7004331,1.7654527,1.8237059,1.8635655
3.515,2.0,1280000000.0,124000000.0,578000000.0,14829.828164,CaCube_8.05_2.0_20250428-105421,Carbonium,4.993796526054591,0.5,0.40049689440993785,12823.342868880141,1.3282543,1.7623691,1.8601303,1.9051038,2.0191924,2.046476
3.515,2.0,1280000000.0,124000000.0,578000000.0,14829.828164,CaCube_8.05_2.0_20250428-105421,Carbonium,4.993796526054591,0.6,0.40049689440993785,12823.342868880141,1.4324679,1.9000178,2.0066584,2.0279218,2.1973391,2.2184125
3.515,2.0,1280000000.0,124000000.0,578000000.0,14829.828164,CaCube_8.05_2.0_20250428-105421,Carbonium,4.993796526054591,0.7,0.40049689440993785,12823.342868880141,1.5294428,2.0281343,2.140621,2.1429157,2.3620791,2.3792415
3.515,2.0,1280000000.0,124000000.0,578000000.0,14829.828164,CaCube_8.05_2.0_20250428-105421,Carbonium,4.993796526054591,0.8,0.40049689440993785,12823.342868880141,1.6205313,2.1484977,2.2460448,2.2708465,2.5160504,2.530385
3.515,2.0,1280000000.0,124000000.0,578000000.0,14829.828164,CaCube_8.05_2.0_20250428-105421,Carbonium,4.993796526054591,0.9,0.40049689440993785,12823.342868880141,1.7067047,2.2623853,2.3457557,2.3918386,2.6611245,2.6701356
3.515,2.0,1280000000.0,124000000.0,578000000.0,14829.828164,CaCube_8.05_2.0_20250428-105421,Carbonium,4.993796526054591,1.0,0.40049689440993785,12823.342868880141,1.7886903,2.3707533,2.4407569,2.5069263,2.7719069,2.7986863
3.515,5.0,1280000000.0,124000000.0,578000000.0,14828.138942,CaCube_8.05_5.0_20250428-105421,Carbonium,4.993796526054591,0.0,1.0012422360248447,12823.342868880141,0.0278462,0.0278486,0.0279001,0.0279684,0.0280517,0.0289857
3.515,5.0,1280000000.0,124000000.0,578000000.0,14828.138942,CaCube_8.05_5.0_20250428-105421,Carbonium,4.993796526054591,0.1,1.0012422360248447,12823.342868880141,0.5881836,0.7809983,0.8243615,0.8786896,0.8933707,0.9114688
3.515,5.0,1280000000.0,124000000.0,578000000.0,14828.138942,CaCube_8.05_5.0_20250428-105421,Carbonium,4.993796526054591,0.2,1.0012422360248447,12823.342868880141,0.8144149,1.0803309,1.1414612,1.1736437,1.2568745,1.2661968
3.515,5.0,1280000000.0,124000000.0,578000000.0,14828.138942,CaCube_8.05_5.0_20250428-105421,Carbonium,4.993796526054591,0.3,1.0012422360248447,12823.342868880141,0.9901348,1.3129782,1.3877394,1.3988768,1.5366683,1.5452768
3.515,5.0,1280000000.0,124000000.0,578000000.0,14828.138942,CaCube_8.05_5.0_20250428-105421,Carbonium,4.993796526054591,0.4,1.0012422360248447,12823.342868880141,1.1390378,1.5101715,1.5910022,1.5964296,1.7728407,1.7814463
3.515,5.0,1280000000.0,124000000.0,578000000.0,14828.138942,CaCube_8.05_5.0_20250428-105421,Carbonium,4.993796526054591,0.5,1.0012422360248447,12823.342868880141,1.2706003,1.684425,1.7617499,1.7808161,1.9810548,1.9898531
3.515,5.0,1280000000.0,124000000.0,578000000.0,14828.138942,CaCube_8.05_5.0_20250428-105421,Carbonium,4.993796526054591,0.6,1.0012422360248447,12823.342868880141,1.3897596,1.8422646,1.9170962,1.9478193,2.1693759,2.1784404
3.515,5.0,1280000000.0,124000000.0,578000000.0,14828.138942,CaCube_8.05_5.0_20250428-105421,Carbonium,4.993796526054591,0.7,1.0012422360248447,12823.342868880141,1.4994772,1.9876066,2.0606287,2.10159,2.3426065,2.344703
3.515,5.0,1280000000.0,124000000.0,578000000.0,14828.138942,CaCube_8.05_5.0_20250428-105421,Carbonium,4.993796526054591,0.8,1.0012422360248447,12823.342868880141,1.6016953,2.1230201,2.1947143,2.2448501,2.4953462,2.5038807
3.515,5.0,1280000000.0,124000000.0,578000000.0,14828.138942,CaCube_8.05_5.0_20250428-105421,Carbonium,4.993796526054591,0.9,1.0012422360248447,12823.342868880141,1.6977696,2.2502987,2.321016,2.3794995,2.637289,2.6553779
3.515,5.0,1280000000.0,124000000.0,578000000.0,14828.138942,CaCube_8.05_5.0_20250428-105421,Carbonium,4.993796526054591,1.0,1.0012422360248447,12823.342868880141,1.7886903,2.3707533,2.4407569,2.5069263,2.7719069,2.7986863
2.329,2.0,223100000.0,63900000.0,79600000.0,124.17652,Cube_5.0_2.0,Siliconium,3.1017369727047144,0.0,0.6448,5846.174706140654,0.176492,0.1801804,0.1824008,0.1829662,0.1832038,0.1911709
2.329,2.0,223100000.0,63900000.0,79600000.0,124.17652,Cube_5.0_2.0,Siliconium,3.1017369727047144,0.1,0.6448,5846.174706140654,0.6739869,0.9140153,0.9973986,1.0055839,1.0546502,1.122871
2.329,2.0,223100000.0,63900000.0,79600000.0,124.17652,Cube_5.0_2.0,Siliconium,3.1017369727047144,0.2,0.6448,5846.174706140654,0.8927126,1.206835,1.3454047,1.3821363,1.3995429,1.4390682
2.329,2.0,223100000.0,63900000.0,79600000.0,124.17652,Cube_5.0_2.0,Siliconium,3.1017369727047144,0.3,0.6448,5846.174706140654,1.0665684,1.4404975,1.5731862,1.6732882,1.6809839,1.7205803
2.329,2.0,223100000.0,63900000.0,79600000.0,124.17652,Cube_5.0_2.0,Siliconium,3.1017369727047144,0.4,0.6448,5846.174706140654,1.2155887,1.641033,1.7594576,1.9078026,1.9341899,1.9689968
2.329,2.0,223100000.0,63900000.0,79600000.0,124.17652,Cube_5.0_2.0,Siliconium,3.1017369727047144,0.5,0.6448,5846.174706140654,1.3481543,1.8195308,1.9241847,2.1163599,2.1513063,2.1578843
2.329,2.0,223100000.0,63900000.0,79600000.0,124.17652,Cube_5.0_2.0,Siliconium,3.1017369727047144,0.6,0.6448,5846.174706140654,1.4687652,1.9819859,2.0743772,2.3060728,2.3103212,2.3604733
2.329,2.0,223100000.0,63900000.0,79600000.0,124.17652,Cube_5.0_2.0,Siliconium,3.1017369727047144,0.7,0.6448,5846.174706140654,1.5801762,2.1320813,2.2136439,2.458723,2.4812912,2.5469984
2.329,2.0,223100000.0,63900000.0,79600000.0,124.17652,Cube_5.0_2.0,Siliconium,3.1017369727047144,0.8,0.6448,5846.174706140654,1.6842213,2.2722736,2.3442169,2.5984703,2.6449084,2.7207657
2.329,2.0,223100000.0,63900000.0,79600000.0,124.17652,Cube_5.0_2.0,Siliconium,3.1017369727047144,0.9,0.6448,5846.174706140654,1.7821948,2.404299,2.4676199,2.730959,2.7989656,2.8840822
2.329,2.0,223100000.0,63900000.0,79600000.0,124.17652,Cube_5.0_2.0,Siliconium,3.1017369727047144,1.0,0.6448,5846.174706140654,1.8750509,2.5294383,2.58496,2.8572351,2.9449669,3.0386335
5.323,2.0,182500000.0,48300000.0,67100000.0,14781.461569,GermCube_8.05_2.0_20250428-105451,Germanium,4.993796526054591,0.0,0.40049689440993785,3550.4469426244787,0.1772818,0.1775471,0.1777613,0.1778908,0.1782922,0.1838017
5.323,2.0,182500000.0,48300000.0,67100000.0,14781.461569,GermCube_8.05_2.0_20250428-105451,Germanium,4.993796526054591,0.1,0.40049689440993785,3550.4469426244787,0.7674455,1.0351877,1.0390235,1.086921,1.1432189,1.1748041
5.323,2.0,182500000.0,48300000.0,67100000.0,14781.461569,GermCube_8.05_2.0_20250428-105451,Germanium,4.993796526054591,0.2,0.40049689440993785,3550.4469426244787,0.9450034,1.2753526,1.3513234,1.3862199,1.4277218,1.5330393
5.323,2.0,182500000.0,48300000.0,67100000.0,14781.461569,GermCube_8.05_2.0_20250428-105451,Germanium,4.993796526054591,0.3,0.40049689440993785,3550.4469426244787,1.0892673,1.4665846,1.6043391,1.6060117,1.6523279,1.7450069
5.323,2.0,182500000.0,48300000.0,67100000.0,14781.461569,GermCube_8.05_2.0_20250428-105451,Germanium,4.993796526054591,0.4,0.40049689440993785,3550.4469426244787,1.2151578,1.6336989,1.7708233,1.8254124,1.8466126,1.9468323
5.323,2.0,182500000.0,48300000.0,67100000.0,14781.461569,GermCube_8.05_2.0_20250428-105451,Germanium,4.993796526054591,0.5,0.40049689440993785,3550.4469426244787,1.3286155,1.7845064,1.9098127,2.0210358,2.0211003,2.1367763
5.323,2.0,182500000.0,48300000.0,67100000.0,14781.461569,GermCube_8.05_2.0_20250428-105451,Germanium,4.993796526054591,0.6,0.40049689440993785,3550.4469426244787,1.4328421,1.9231785,2.0334363,2.1809381,2.1994296,2.3139566
5.323,2.0,182500000.0,48300000.0,67100000.0,14781.461569,GermCube_8.05_2.0_20250428-105451,Germanium,4.993796526054591,0.7,0.40049689440993785,3550.4469426244787,1.5298308,2.0523134,2.1469878,2.3295516,2.3643378,2.4536004
5.323,2.0,182500000.0,48300000.0,67100000.0,14781.461569,GermCube_8.05_2.0_20250428-105451,Germanium,4.993796526054591,0.8,0.40049689440993785,3550.4469426244787,1.6209334,2.1736773,2.2531424,2.4690322,2.5184657,2.5660593
5.323,2.0,182500000.0,48300000.0,67100000.0,14781.461569,GermCube_8.05_2.0_20250428-105451,Germanium,4.993796526054591,0.9,0.40049689440993785,3550.4469426244787,1.707121,2.288542,2.3534725,2.6009128,2.663687,2.6727801
5.323,2.0,182500000.0,48300000.0,67100000.0,14781.461569,GermCube_8.05_2.0_20250428-105451,Germanium,4.993796526054591,1.0,0.40049689440993785,3550.4469426244787,1.7891205,2.3978622,2.4490084,2.7263331,2.7748358,2.801388
5.323,5.0,182500000.0,48300000.0,67100000.0,14786.30362,GermCube_8.05_5.0_20250428-105451,Germanium,4.993796526054591,0.0,1.0012422360248447,3550.4469426244787,0.0286048,0.0286052,0.0286445,0.0286907,0.0287448,0.0297479
5.323,5.0,182500000.0,48300000.0,67100000.0,14786.30362,GermCube_8.05_5.0_20250428-105451,Germanium,4.993796526054591,0.1,1.0012422360248447,3550.4469426244787,0.5883412,0.7906674,0.8824999,0.8942289,0.8955608,0.9510733
5.323,5.0,182500000.0,48300000.0,67100000.0,14786.30362,GermCube_8.05_5.0_20250428-105451,Germanium,4.993796526054591,0.2,1.0012422360248447,3550.4469426244787,0.8146206,1.0931443,1.1769162,1.2407812,1.2580851,1.3207366
5.323,5.0,182500000.0,48300000.0,67100000.0,14786.30362,GermCube_8.05_5.0_20250428-105451,Germanium,4.993796526054591,0.3,1.0012422360248447,3550.4469426244787,0.99038,1.3283193,1.4032294,1.5087835,1.5381498,1.6035172
5.323,5.0,182500000.0,48300000.0,67100000.0,14786.30362,GermCube_8.05_5.0_20250428-105451,Germanium,4.993796526054591,0.4,1.0012422360248447,3550.4469426244787,1.139317,1.5276826,1.5961542,1.7358458,1.7745507,1.8194414
5.323,5.0,182500000.0,48300000.0,67100000.0,14786.30362,GermCube_8.05_5.0_20250428-105451,Germanium,4.993796526054591,0.5,1.0012422360248447,3550.4469426244787,1.2709097,1.7038666,1.7675608,1.9364478,1.9829661,2.0111664
5.323,5.0,182500000.0,48300000.0,67100000.0,14786.30362,GermCube_8.05_5.0_20250428-105451,Germanium,4.993796526054591,0.6,1.0012422360248447,3550.4469426244787,1.3900966,1.8634623,1.9234829,2.1181284,2.1714693,2.1856799
5.323,5.0,182500000.0,48300000.0,67100000.0,14786.30362,GermCube_8.05_5.0_20250428-105451,Germanium,4.993796526054591,0.7,1.0012422360248447,3550.4469426244787,1.4998398,2.0104258,2.0675352,2.2854075,2.3448674,2.3470304
5.323,5.0,182500000.0,48300000.0,67100000.0,14786.30362,GermCube_8.05_5.0_20250428-105451,Germanium,4.993796526054591,0.8,1.0012422360248447,3550.4469426244787,1.6020818,2.1473532,2.2020993,2.4412488,2.497857,2.5062975
5.323,5.0,182500000.0,48300000.0,67100000.0,14786.30362,GermCube_8.05_5.0_20250428-105451,Germanium,4.993796526054591,0.9,1.0012422360248447,3550.4469426244787,1.6981785,2.2760571,2.3288473,2.5877203,2.6400065,2.6579411
5.323,5.0,182500000.0,48300000.0,67100000.0,14786.30362,GermCube_8.05_5.0_20250428-105451,Germanium,4.993796526054591,1.0,1.0012422360248447,3550.4469426244787,1.7891205,2.3978622,2.4490084,2.7263331,2.7748358,2.801388
3.515,2.0,1280000000.0,124000000.0,578000000.0,9460.717367,SiCube_16.1_2.0_20250428-151012,Carbonium,9.987593052109181,0.0,0.20024844720496893,12823.342868880141,0.673764,0.6740282,0.6742996,0.6755041,0.6779261,0.6961454
5.323,2.0,182500000.0,48300000.0,67100000.0,9495.698415,SiCube_16.1_2.0_20250428-151024,Germanium,9.987593052109181,0.0,0.20024844720496893,3550.4469426244787,0.6912129,0.6913027,0.6918153,0.6920855,0.6935722,0.7129816
2.329,2.0,223100000.0,63900000.0,79600000.0,9473.302127,SiCube_16.1_2.0_20250428-151205,Siliconium,9.987593052109181,0.0,0.20024844720496893,5846.174706140654,0.6935267,0.6936868,0.6941978,0.6942963,0.6956319,0.7151866
3.515,2.0,1280000000.0,124000000.0,578000000.0,9460.717367,SiCube_16.1_2.0_20250428-151012,Carbonium,9.987593052109181,0.1,0.20024844720496893,12823.342868880141,1.0861147,1.422357,1.4677295,1.4695329,1.4726195,1.5163463
5.323,2.0,182500000.0,48300000.0,67100000.0,9495.698415,SiCube_16.1_2.0_20250428-151024,Germanium,9.987593052109181,0.1,0.20024844720496893,3550.4469426244787,1.0874178,1.4588963,1.4692542,1.5225442,1.5752731,1.6316893
2.329,2.0,223100000.0,63900000.0,79600000.0,9473.302127,SiCube_16.1_2.0_20250428-151205,Siliconium,9.987593052109181,0.1,0.20024844720496893,5846.174706140654,1.0875513,1.4618191,1.4694584,1.5272387,1.5862919,1.644028
3.515,2.0,1280000000.0,124000000.0,578000000.0,9460.717367,SiCube_16.1_2.0_20250428-151012,Carbonium,9.987593052109181,0.2,0.20024844720496893,12823.342868880141,1.1980987,1.5827265,1.6512992,1.6734405,1.6775549,1.7486722
5.323,2.0,182500000.0,48300000.0,67100000.0,9495.698415,SiCube_16.1_2.0_20250428-151024,Germanium,9.987593052109181,0.2,0.20024844720496893,3550.4469426244787,1.1988667,1.6150872,1.6747504,1.7178767,1.7825096,1.8892104
2.329,2.0,223100000.0,63900000.0,79600000.0,9473.302127,SiCube_16.1_2.0_20250428-151205,Siliconium,9.987593052109181,0.2,0.20024844720496893,5846.174706140654,1.1989506,1.6179521,1.6749501,1.721328,1.7965918,1.9046456
3.515,2.0,1280000000.0,124000000.0,578000000.0,9460.717367,SiCube_16.1_2.0_20250428-151012,Carbonium,9.987593052109181,0.3,0.20024844720496893,12823.342868880141,1.2927729,1.7121644,1.7948673,1.843732,1.8534164,1.9467815
5.323,2.0,182500000.0,48300000.0,67100000.0,9495.698415,SiCube_16.1_2.0_20250428-151024,Germanium,9.987593052109181,0.3,0.20024844720496893,3550.4469426244787,1.2933644,1.7420098,1.8548629,1.8718235,1.9434887,2.0802623
2.329,2.0,223100000.0,63900000.0,79600000.0,9473.302127,SiCube_16.1_2.0_20250428-151205,Siliconium,9.987593052109181,0.3,0.20024844720496893,5846.174706140654,1.2934319,1.7447493,1.8550921,1.8740083,1.9595967,2.0888895
3.515,2.0,1280000000.0,124000000.0,578000000.0,9460.717367,SiCube_16.1_2.0_20250428-151012,Carbonium,9.987593052109181,0.4,0.20024844720496893,12823.342868880141,1.3777121,1.8262473,1.9198652,1.9801127,2.0164659,2.113027
5.323,2.0,182500000.0,48300000.0,67100000.0,9495.698415,SiCube_16.1_2.0_20250428-151024,Germanium,9.987593052109181,0.4,0.20024844720496893,3550.4469426244787,1.3782239,1.8546538,1.9949658,2.0181032,2.0822857,2.2037492
2.329,2.0,223100000.0,63900000.0,79600000.0,9473.302127,SiCube_16.1_2.0_20250428-151205,Siliconium,9.987593052109181,0.4,0.20024844720496893,5846.174706140654,1.3782842,1.8573128,1.9961366,2.0183658,2.0999647,2.2135912
3.515,2.0,1280000000.0,124000000.0,578000000.0,9460.717367,SiCube_16.1_2.0_20250428-151012,Carbonium,9.987593052109181,0.5,0.20024844720496893,12823.342868880141,1.4560151,1.9305719,2.033294,2.0876808,2.1668817,2.2286089
5.323,2.0,182500000.0,48300000.0,67100000.0,9495.698415,SiCube_16.1_2.0_20250428-151024,Germanium,9.987593052109181,0.5,0.20024844720496893,3550.4469426244787,1.4564857,1.958161,2.0948802,2.1687155,2.2074863,2.3294959
2.329,2.0,223100000.0,63900000.0,79600000.0,9473.302127,SiCube_16.1_2.0_20250428-151205,Siliconium,9.987593052109181,0.5,0.20024844720496893,5846.174706140654,1.4565423,1.9607766,2.0955605,2.1690107,2.2264876,2.3400793
3.515,2.0,1280000000.0,124000000.0,578000000.0,9460.717367,SiCube_16.1_2.0_20250428-151012,Carbonium,9.987593052109181,0.6,0.20024844720496893,12823.342868880141,1.5293275,2.0278499,2.1385191,2.1741854,2.3073067,2.3494922
5.323,2.0,182500000.0,48300000.0,67100000.0,9495.698415,SiCube_16.1_2.0_20250428-151024,Germanium,9.987593052109181,0.6,0.20024844720496893,3550.4469426244787,1.5297759,2.0549974,2.1795427,2.3093313,2.3231857,2.4549738
2.329,2.0,223100000.0,63900000.0,79600000.0,9473.302127,SiCube_16.1_2.0_20250428-151205,Siliconium,9.987593052109181,0.6,0.20024844720496893,5846.174706140654,1.5298307,2.0575948,2.180092,2.3096573,2.3433532,2.4659669
3.515,2.0,1280000000.0,124000000.0,578000000.0,9460.717367,SiCube_16.1_2.0_20250428-151012,Carbonium,9.987593052109181,0.7,0.20024844720496893,12823.342868880141,1.5986593,2.119642,2.2374538,2.2488995,2.4395435,2.4698377
5.323,2.0,182500000.0,48300000.0,67100000.0,9495.698415,SiCube_16.1_2.0_20250428-151024,Germanium,9.987593052109181,0.7,0.20024844720496893,3550.4469426244787,1.5990958,2.1465868,2.2546451,2.4316867,2.4417501,2.5778142
2.329,2.0,223100000.0,63900000.0,79600000.0,9473.302127,SiCube_16.1_2.0_20250428-151205,Siliconium,9.987593052109181,0.7,0.20024844720496893,5846.174706140654,1.5991498,2.149183,2.2552101,2.4421053,2.4529133,2.5890854
3.515,2.0,1280000000.0,124000000.0,578000000.0,9460.717367,SiCube_16.1_2.0_20250428-151012,Carbonium,9.987593052109181,0.8,0.20024844720496893,12823.342868880141,1.6646909,2.2069535,2.3168579,2.3313141,2.5648979,2.5868979
5.323,2.0,182500000.0,48300000.0,67100000.0,9495.698415,SiCube_16.1_2.0_20250428-151024,Germanium,9.987593052109181,0.8,0.20024844720496893,3550.4469426244787,1.6651218,2.2338545,2.3234793,2.5344356,2.5672777,2.6546573
2.329,2.0,223100000.0,63900000.0,79600000.0,9473.302127,SiCube_16.1_2.0_20250428-151205,Siliconium,9.987593052109181,0.8,0.20024844720496893,5846.174706140654,1.6651755,2.2364609,2.3241043,2.5566423,2.5676604,2.6550554
3.515,2.0,1280000000.0,124000000.0,578000000.0,9460.717367,SiCube_16.1_2.0_20250428-151012,Carbonium,9.987593052109181,0.9,0.20024844720496893,12823.342868880141,1.7279116,2.290485,2.3804093,2.4209356,2.684356,2.6999455
5.323,2.0,182500000.0,48300000.0,67100000.0,9495.698415,SiCube_16.1_2.0_20250428-151024,Germanium,9.987593052109181,0.9,0.20024844720496893,3550.4469426244787,1.7283408,2.3174514,2.3879009,2.6324151,2.6869006,2.7156475
2.329,2.0,223100000.0,63900000.0,79600000.0,9473.302127,SiCube_16.1_2.0_20250428-151205,Siliconium,9.987593052109181,0.9,0.20024844720496893,5846.174706140654,1.7283947,2.3200762,2.3885937,2.6555408,2.6873095,2.7160656
3.515,2.0,1280000000.0,124000000.0,578000000.0,9460.717367,SiCube_16.1_2.0_20250428-151012,Carbonium,9.987593052109181,1.0,0.20024844720496893,12823.342868880141,1.7886903,2.3707533,2.4407569,2.5069263,2.7719069,2.7986863
5.323,2.0,182500000.0,48300000.0,67100000.0,9495.698415,SiCube_16.1_2.0_20250428-151024,Germanium,9.987593052109181,1.0,0.20024844720496893,3550.4469426244787,1.7891205,2.3978622,2.4490084,2.7263331,2.7748358,2.801388
2.329,2.0,223100000.0,63900000.0,79600000.0,9473.302127,SiCube_16.1_2.0_20250428-151205,Siliconium,9.987593052109181,1.0,0.20024844720496893,5846.174706140654,1.7891748,2.400511,2.4497652,2.7503287,2.7752774,2.8018217
3.515,5.0,1280000000.0,124000000.0,578000000.0,15281.333427,SiCube_16.1_5.0_20250428-151818,Carbonium,9.987593052109181,0.0,0.5006211180124224,12823.342868880141,0.1109141,0.1109229,0.1111284,0.1114003,0.1117348,0.1153231
5.323,5.0,182500000.0,48300000.0,67100000.0,15315.300907,SiCube_16.1_5.0_20250428-152041,Germanium,9.987593052109181,0.0,0.5006211180124224,3550.4469426244787,0.1139181,0.1139187,0.1140764,0.1142607,0.1144796,0.1183226
2.329,5.0,223100000.0,63900000.0,79600000.0,15340.476918,SiCube_16.1_5.0_20250428-152319,Siliconium,9.987593052109181,0.0,0.5006211180124224,5846.174706140654,0.1143275,0.1143278,0.1144746,0.114643,0.1148415,0.1187168
3.515,5.0,1280000000.0,124000000.0,578000000.0,15281.333427,SiCube_16.1_5.0_20250428-151818,Carbonium,9.987593052109181,0.1,0.5006211180124224,12823.342868880141,0.6971918,0.9282435,0.9663042,0.9712921,0.9807672,1.0219709
5.323,5.0,182500000.0,48300000.0,67100000.0,15315.300907,SiCube_16.1_5.0_20250428-152041,Germanium,9.987593052109181,0.1,0.5006211180124224,3550.4469426244787,0.6974924,0.9440292,0.9671777,1.0082748,1.0498137,1.0990593
2.329,5.0,223100000.0,63900000.0,79600000.0,15340.476918,SiCube_16.1_5.0_20250428-152319,Siliconium,9.987593052109181,0.1,0.5006211180124224,5846.174706140654,0.6975283,0.9454473,0.9673184,1.0107492,1.0583138,1.1073918
3.515,5.0,1280000000.0,124000000.0,578000000.0,15281.333427,SiCube_16.1_5.0_20250428-151818,Carbonium,9.987593052109181,0.2,0.5006211180124224,12823.342868880141,0.8913921,1.1848652,1.2469239,1.3040065,1.3041557,1.3794815
5.323,5.0,182500000.0,48300000.0,67100000.0,15315.300907,SiCube_16.1_5.0_20250428-152041,Germanium,9.987593052109181,0.2,0.5006211180124224,3550.4469426244787,0.8916792,1.2016166,1.3053714,1.3235945,1.3524648,1.4376654
2.329,5.0,223100000.0,63900000.0,79600000.0,15340.476918,SiCube_16.1_5.0_20250428-152319,Siliconium,9.987593052109181,0.2,0.5006211180124224,5846.174706140654,0.8917145,1.2031991,1.3055671,1.3250088,1.3639678,1.4433733
3.515,5.0,1280000000.0,124000000.0,578000000.0,15281.333427,SiCube_16.1_5.0_20250428-151818,Carbonium,9.987593052109181,0.3,0.5006211180124224,12823.342868880141,1.0476246,1.3911206,1.4668924,1.5361638,1.5708154,1.6096732
5.323,5.0,182500000.0,48300000.0,67100000.0,15315.300907,SiCube_16.1_5.0_20250428-152041,Germanium,9.987593052109181,0.3,0.5006211180124224,3550.4469426244787,1.0479255,1.4092708,1.5422481,1.5722994,1.5928634,1.6805667
2.329,5.0,223100000.0,63900000.0,79600000.0,15340.476918,SiCube_16.1_5.0_20250428-152319,Siliconium,9.987593052109181,0.3,0.5006211180124224,5846.174706140654,1.0479628,1.4110104,1.5427906,1.572538,1.6066162,1.688045
3.515,5.0,1280000000.0,124000000.0,578000000.0,15281.333427,SiCube_16.1_5.0_20250428-151818,Carbonium,9.987593052109181,0.4,0.5006211180124224,12823.342868880141,1.182726,1.5695699,1.6567207,1.7092248,1.7983287,1.8226298
5.323,5.0,182500000.0,48300000.0,67100000.0,15315.300907,SiCube_16.1_5.0_20250428-152041,Germanium,9.987593052109181,0.4,0.5006211180124224,3550.4469426244787,1.1830456,1.5891607,1.7134473,1.7999901,1.80004,1.9032954
2.329,5.0,223100000.0,63900000.0,79600000.0,15340.476918,SiCube_16.1_5.0_20250428-152319,Siliconium,9.987593052109181,0.4,0.5006211180124224,5846.174706140654,1.1830855,1.5910514,1.7138827,1.8003151,1.8156426,1.9116994
3.515,5.0,1280000000.0,124000000.0,578000000.0,15281.333427,SiCube_16.1_5.0_20250428-151818,Carbonium,9.987593052109181,0.5,0.5006211180124224,12823.342868880141,1.3036401,1.7293499,1.8264738,1.8564635,2.0001161,2.0189074
5.323,5.0,182500000.0,48300000.0,67100000.0,15315.300907,SiCube_16.1_5.0_20250428-152041,Germanium,9.987593052109181,0.5,0.5006211180124224,3550.4469426244787,1.3039792,1.7503382,1.8614738,1.9850696,2.0020283,2.1060842
2.329,5.0,223100000.0,63900000.0,79600000.0,15340.476918,SiCube_16.1_5.0_20250428-152319,Siliconium,9.987593052109181,0.5,0.5006211180124224,5846.174706140654,1.3040217,1.7523723,1.8619594,2.0023355,2.0024031,2.1151938
3.515,5.0,1280000000.0,124000000.0,578000000.0,15281.333427,SiCube_16.1_5.0_20250428-151818,Carbonium,9.987593052109181,0.6,0.5006211180124224,12823.342868880141,1.4141281,1.8754,1.9815238,1.9894421,2.1833276,2.1991173
5.323,5.0,182500000.0,48300000.0,67100000.0,15315.300907,SiCube_16.1_5.0_20250428-152041,Germanium,9.987593052109181,0.6,0.5006211180124224,3550.4469426244787,1.4144866,1.8977252,1.9953198,2.1540439,2.1854215,2.2824406
2.329,5.0,223100000.0,63900000.0,79600000.0,15340.476918,SiCube_16.1_5.0_20250428-152319,Siliconium,9.987593052109181,0.6,0.5006211180124224,5846.174706140654,1.4145316,1.8998948,1.9958709,2.1729037,2.1857578,2.2829644
3.515,5.0,1280000000.0,124000000.0,578000000.0,15281.333427,SiCube_16.1_5.0_20250428-151818,Carbonium,9.987593052109181,0.7,0.5006211180124224,12823.342868880141,1.5165195,2.0107801,2.1124636,2.125176,2.3523097,2.3661177
5.323,5.0,182500000.0,48300000.0,67100000.0,15315.300907,SiCube_16.1_5.0_20250428-152041,Germanium,9.987593052109181,0.7,0.5006211180124224,3550.4469426244787,1.5168968,2.0343812,2.1190754,2.3105522,2.3545709,2.4164425
2.329,5.0,223100000.0,63900000.0,79600000.0,15340.476918,SiCube_16.1_5.0_20250428-152319,Siliconium,9.987593052109181,0.7,0.5006211180124224,5846.174706140654,1.5169443,2.0366793,2.1196869,2.3308207,2.354934,2.4168698
3.515,5.0,1280000000.0,124000000.0,578000000.0,15281.333427,SiCube_16.1_5.0_20250428-151818,Carbonium,9.987593052109181,0.8,0.5006211180124224,12823.342868880141,1.6123809,2.1375499,2.2278033,2.2596454,2.509939,2.5222943
5.323,5.0,182500000.0,48300000.0,67100000.0,15315.300907,SiCube_16.1_5.0_20250428-152041,Germanium,9.987593052109181,0.8,0.5006211180124224,3550.4469426244787,1.6127765,2.1623701,2.2350359,2.4570273,2.512356,2.5421304
2.329,5.0,223100000.0,63900000.0,79600000.0,15340.476918,SiCube_16.1_5.0_20250428-152319,Siliconium,9.987593052109181,0.8,0.5006211180124224,5846.174706140654,1.6128263,2.1647904,2.235701,2.4786109,2.512744,2.5425416
3.515,5.0,1280000000.0,124000000.0,578000000.0,15281.333427,SiCube_16.1_5.0_20250428-151818,Carbonium,9.987593052109181,0.9,0.5006211180124224,12823.342868880141,1.7028283,2.2571773,2.3369003,2.3865063,2.6582365,2.6585758
5.323,5.0,182500000.0,48300000.0,67100000.0,15315.300907,SiCube_16.1_5.0_20250428-152041,Germanium,9.987593052109181,0.9,0.5006211180124224,3550.4469426244787,1.7032415,2.2831651,2.3446718,2.5951947,2.6607998,2.6612297
2.329,5.0,223100000.0,63900000.0,79600000.0,15340.476918,SiCube_16.1_5.0_20250428-152319,Siliconium,9.987593052109181,0.9,0.5006211180124224,5846.174706140654,1.7032936,2.2857021,2.345385,2.6180166,2.6612113,2.6616514
3.515,5.0,1280000000.0,124000000.0,578000000.0,15281.333427,SiCube_16.1_5.0_20250428-151818,Carbonium,9.987593052109181,1.0,0.5006211180124224,12823.342868880141,1.7886903,2.3707533,2.4407569,2.5069263,2.7719069,2.7986863
5.323,5.0,182500000.0,48300000.0,67100000.0,15315.300907,SiCube_16.1_5.0_20250428-152041,Germanium,9.987593052109181,1.0,0.5006211180124224,3550.4469426244787,1.7891205,2.3978622,2.4490084,2.7263331,2.7748358,2.801388
2.329,5.0,223100000.0,63900000.0,79600000.0,15340.476918,SiCube_16.1_5.0_20250428-152319,Siliconium,9.987593052109181,1.0,0.5006211180124224,5846.174706140654,1.7891748,2.400511,2.4497652,2.7503287,2.7752774,2.8018217
3.515,2.0,1280000000.0,124000000.0,578000000.0,13060.094789,SiCube_24.150000000000002_2.0_20250428-175111,Carbonium,14.981389578163773,0.0,0.1334989648033126,12823.342868880141,1.1793008,1.2357053,1.2357973,1.2367462,1.2379771,1.2393555
5.323,2.0,182500000.0,48300000.0,67100000.0,13074.371464,SiCube_24.150000000000002_2.0_20250428-175213,Germanium,14.981389578163773,0.0,0.1334989648033126,3550.4469426244787,1.1847726,1.266851,1.2669443,1.2672978,1.2678377,1.2684234
2.329,2.0,223100000.0,63900000.0,79600000.0,12965.782017,SiCube_24.150000000000002_2.0_20250428-175325,Siliconium,14.981389578163773,0.0,0.1334989648033126,5846.174706140654,1.1852657,1.2710705,1.2711655,1.2714093,1.2718337,1.2722968
3.515,2.0,1280000000.0,124000000.0,578000000.0,13060.094789,SiCube_24.150000000000002_2.0_20250428-175111,Carbonium,14.981389578163773,0.1,0.1334989648033126,12823.342868880141,1.2819988,1.6812052,1.7472125,1.780253,1.8063284,1.8570577
5.323,2.0,182500000.0,48300000.0,67100000.0,13074.371464,SiCube_24.150000000000002_2.0_20250428-175213,Germanium,14.981389578163773,0.1,0.1334989648033126,3550.4469426244787,1.2835149,1.7203984,1.8087946,1.8293051,1.8816056,2.0034392
2.329,2.0,223100000.0,63900000.0,79600000.0,12965.782017,SiCube_24.150000000000002_2.0_20250428-175325,Siliconium,14.981389578163773,0.1,0.1334989648033126,5846.174706140654,1.2836652,1.7238251,1.8090812,1.8335717,1.8957532,2.0191915
3.515,2.0,1280000000.0,124000000.0,578000000.0,13060.094789,SiCube_24.150000000000002_2.0_20250428-175111,Carbonium,14.981389578163773,0.2,0.1334989648033126,12823.342868880141,1.3553307,1.7869063,1.8681447,1.918272,1.9466206,2.0223448
5.323,2.0,182500000.0,48300000.0,67100000.0,13074.371464,SiCube_24.150000000000002_2.0_20250428-175213,Germanium,14.981389578163773,0.2,0.1334989648033126,3550.4469426244787,1.3562692,1.8222184,1.9480665,1.9526117,2.0198774,2.1878867
2.329,2.0,223100000.0,63900000.0,79600000.0,12965.782017,SiCube_24.150000000000002_2.0_20250428-175325,Siliconium,14.981389578163773,0.2,0.1334989648033126,5846.174706140654,1.3563659,1.8254053,1.9482575,1.9553373,2.0361428,2.2013251
3.515,2.0,1280000000.0,124000000.0,578000000.0,13060.094789,SiCube_24.150000000000002_2.0_20250428-175111,Carbonium,14.981389578163773,0.3,0.1334989648033126,12823.342868880141,1.4203591,1.8771517,1.9690961,2.0287919,2.0729842,2.1668001
5.323,2.0,182500000.0,48300000.0,67100000.0,13074.371464,SiCube_24.150000000000002_2.0_20250428-175213,Germanium,14.981389578163773,0.3,0.1334989648033126,3550.4469426244787,1.4210558,1.9099453,2.0495744,2.074195,2.1334792,2.2824012
2.329,2.0,223100000.0,63900000.0,79600000.0,12965.782017,SiCube_24.150000000000002_2.0_20250428-175325,Siliconium,14.981389578163773,0.3,0.1334989648033126,5846.174706140654,1.4211302,1.9129598,2.0511767,2.0743715,2.1512411,2.2926869
3.515,2.0,1280000000.0,124000000.0,578000000.0,13060.094789,SiCube_24.150000000000002_2.0_20250428-175111,Carbonium,14.981389578163773,0.4,0.1334989648033126,12823.342868880141,1.4802943,1.9587283,2.0592309,2.1174191,2.190448,2.270714
5.323,2.0,182500000.0,48300000.0,67100000.0,13074.371464,SiCube_24.150000000000002_2.0_20250428-175213,Germanium,14.981389578163773,0.4,0.1334989648033126,3550.4469426244787,1.4808668,1.9897916,2.1285121,2.1916472,2.2338927,2.3741933
2.329,2.0,223100000.0,63900000.0,79600000.0,12965.782017,SiCube_24.150000000000002_2.0_20250428-175325,Siliconium,14.981389578163773,0.4,0.1334989648033126,5846.174706140654,1.48093,1.9926835,2.1294487,2.1918322,2.2528414,2.385177
3.515,2.0,1280000000.0,124000000.0,578000000.0,13060.094789,SiCube_24.150000000000002_2.0_20250428-175111,Carbonium,14.981389578163773,0.5,0.1334989648033126,12823.342868880141,1.5365621,2.0344478,2.1422131,2.1881604,2.3011331,2.3584127
5.323,2.0,182500000.0,48300000.0,67100000.0,13074.371464,SiCube_24.150000000000002_2.0_20250428-175213,Germanium,14.981389578163773,0.5,0.1334989648033126,3550.4469426244787,1.5370642,2.0642877,2.1948294,2.3024055,2.3257047,2.4672294
2.329,2.0,223100000.0,63900000.0,79600000.0,12965.782017,SiCube_24.150000000000002_2.0_20250428-175325,Siliconium,14.981389578163773,0.5,0.1334989648033126,5846.174706140654,1.5371211,2.0670924,2.1954724,2.3026074,2.3456553,2.4785856
3.515,2.0,1280000000.0,124000000.0,578000000.0,13060.094789,SiCube_24.150000000000002_2.0_20250428-175111,Carbonium,14.981389578163773,0.6,0.1334989648033126,12823.342868880141,1.5899712,2.1058095,2.2199611,2.2469849,2.4062859,2.4491025
5.323,2.0,182500000.0,48300000.0,67100000.0,13074.371464,SiCube_24.150000000000002_2.0_20250428-175213,Germanium,14.981389578163773,0.6,0.1334989648033126,3550.4469426244787,1.5904312,2.1347702,2.2526299,2.4076678,2.4113044,2.5601243
2.329,2.0,223100000.0,63900000.0,79600000.0,12965.782017,SiCube_24.150000000000002_2.0_20250428-175325,Siliconium,14.981389578163773,0.6,0.1334989648033126,5846.174706140654,1.5904845,2.1375131,2.2531921,2.4078898,2.4321344,2.5716715
3.515,2.0,1280000000.0,124000000.0,578000000.0,13060.094789,SiCube_24.150000000000002_2.0_20250428-175111,Carbonium,14.981389578163773,0.7,0.1334989648033126,12823.342868880141,1.6410414,2.1737268,2.2936298,2.2986633,2.5067551,2.5397754
5.323,2.0,182500000.0,48300000.0,67100000.0,13074.371464,SiCube_24.150000000000002_2.0_20250428-175213,Germanium,14.981389578163773,0.7,0.1334989648033126,3550.4469426244787,1.6414758,2.2020515,2.3046791,2.4921198,2.5082626,2.6494974
2.329,2.0,223100000.0,63900000.0,79600000.0,12965.782017,SiCube_24.150000000000002_2.0_20250428-175325,Siliconium,14.981389578163773,0.7,0.1334989648033126,5846.174706140654,1.641527,2.2047511,2.3052582,2.508506,2.5137425,2.649748
3.515,2.0,1280000000.0,124000000.0,578000000.0,13060.094789,SiCube_24.150000000000002_2.0_20250428-175111,Carbonium,14.981389578163773,0.8,0.1334989648033126,12823.342868880141,1.6901348,2.2388068,2.3459129,2.3639788,2.6031671,2.628913
5.323,2.0,182500000.0,48300000.0,67100000.0,13074.371464,SiCube_24.150000000000002_2.0_20250428-175213,Germanium,14.981389578163773,0.8,0.1334989648033126,3550.4469426244787,1.6905538,2.2666727,2.3527162,2.5690828,2.6048066,2.6902595
2.329,2.0,223100000.0,63900000.0,79600000.0,12965.782017,SiCube_24.150000000000002_2.0_20250428-175325,Siliconium,14.981389578163773,0.8,0.1334989648033126,5846.174706140654,1.6906039,2.2693428,2.3533497,2.5914338,2.6050716,2.6905318
3.515,2.0,1280000000.0,124000000.0,578000000.0,13060.094789,SiCube_24.150000000000002_2.0_20250428-175111,Carbonium,14.981389578163773,0.9,0.1334989648033126,12823.342868880141,1.7375178,2.3014789,2.3901843,2.4315404,2.6960071,2.7159319
5.323,2.0,182500000.0,48300000.0,67100000.0,13074.371464,SiCube_24.150000000000002_2.0_20250428-175213,Germanium,14.981389578163773,0.9,0.1334989648033126,3550.4469426244787,1.7379281,2.3290184,2.3978279,2.6428409,2.6977803,2.7301478
2.329,2.0,223100000.0,63900000.0,79600000.0,12965.782017,SiCube_24.150000000000002_2.0_20250428-175325,Siliconium,14.981389578163773,0.9,0.1334989648033126,5846.174706140654,1.7379777,2.3316696,2.3985265,2.6658703,2.6980667,2.7304408
3.515,2.0,1280000000.0,124000000.0,578000000.0,13060.094789,SiCube_24.150000000000002_2.0_20250428-175111,Carbonium,14.981389578163773,1.0,0.1334989648033126,12823.342868880141,1.7833947,2.3620615,2.4322909,2.4967056,2.7672438,2.7856637
5.323,2.0,182500000.0,48300000.0,67100000.0,13074.371464,SiCube_24.150000000000002_2.0_20250428-175213,Germanium,14.981389578163773,1.0,0.1334989648033126,3550.4469426244787,1.7838009,2.3893759,2.4407115,2.7138658,2.7692709,2.7875699
2.329,2.0,223100000.0,63900000.0,79600000.0,12965.782017,SiCube_24.150000000000002_2.0_20250428-175325,Siliconium,14.981389578163773,1.0,0.1334989648033126,5846.174706140654,1.7838504,2.3920161,2.441475,2.737534,2.7695834,2.7878773
3.515,5.0,1280000000.0,124000000.0,578000000.0,14108.522787,SiCube_24.150000000000002_5.0_20250428-194119,Carbonium,14.981389578163773,0.0,0.33374741200828156,12823.342868880141,0.246932,0.2470573,0.2475387,0.2486159,0.2501771,0.2569728
5.323,5.0,182500000.0,48300000.0,67100000.0,14076.15406,SiCube_24.150000000000002_5.0_20250428-194658,Germanium,14.981389578163773,0.0,0.33374741200828156,3550.4469426244787,0.2535234,0.2535392,0.2536842,0.2552876,0.256532,0.2635842
2.329,5.0,223100000.0,63900000.0,79600000.0,14108.811242,SiCube_24.150000000000002_5.0_20250428-194901,Siliconium,14.981389578163773,0.0,0.33374741200828156,5846.174706140654,0.2544131,0.2544221,0.2544954,0.2561961,0.2573817,0.2644544
3.515,5.0,1280000000.0,124000000.0,578000000.0,14108.522787,SiCube_24.150000000000002_5.0_20250428-194119,Carbonium,14.981389578163773,0.1,0.33374741200828156,12823.342868880141,0.8376531,1.1086604,1.1160837,1.1386634,1.1499194,1.1722146
5.323,5.0,182500000.0,48300000.0,67100000.0,14076.15406,SiCube_24.150000000000002_5.0_20250428-194658,Germanium,14.981389578163773,0.1,0.33374741200828156,3550.4469426244787,0.8382508,1.1170146,1.1327904,1.1751361,1.2358498,1.2625065
2.329,5.0,223100000.0,63900000.0,79600000.0,14108.811242,SiCube_24.150000000000002_5.0_20250428-194901,Siliconium,14.981389578163773,0.1,0.33374741200828156,5846.174706140654,0.8383172,1.1171612,1.1347296,1.1785697,1.2449799,1.2723471
3.515,5.0,1280000000.0,124000000.0,578000000.0,14108.522787,SiCube_24.150000000000002_5.0_20250428-194119,Carbonium,14.981389578163773,0.2,0.33374741200828156,12823.342868880141,0.9999558,1.3280911,1.391021,1.4074606,1.4196935,1.4852959
5.323,5.0,182500000.0,48300000.0,67100000.0,14076.15406,SiCube_24.150000000000002_5.0_20250428-194658,Germanium,14.981389578163773,0.2,0.33374741200828156,3550.4469426244787,1.0003898,1.3508448,1.4086727,1.4523878,1.5047731,1.6009028
2.329,5.0,223100000.0,63900000.0,79600000.0,14108.811242,SiCube_24.150000000000002_5.0_20250428-194901,Siliconium,14.981389578163773,0.2,0.33374741200828156,5846.174706140654,1.0004409,1.3529134,1.4088676,1.4551333,1.5170975,1.6133901
3.515,5.0,1280000000.0,124000000.0,578000000.0,14108.522787,SiCube_24.150000000000002_5.0_20250428-194119,Carbonium,14.981389578163773,0.3,0.33374741200828156,12823.342868880141,1.1326612,1.5041697,1.5814882,1.641416,1.6472753,1.7410155
5.323,5.0,182500000.0,48300000.0,67100000.0,14076.15406,SiCube_24.150000000000002_5.0_20250428-194658,Germanium,14.981389578163773,0.3,0.33374741200828156,3550.4469426244787,1.1330555,1.5266532,1.6487452,1.6620393,1.7147774,1.8176263
2.329,5.0,223100000.0,63900000.0,79600000.0,14108.811242,SiCube_24.150000000000002_5.0_20250428-194901,Siliconium,14.981389578163773,0.3,0.33374741200828156,5846.174706140654,1.1331031,1.5287614,1.6489819,1.66356,1.7292909,1.8251765
3.515,5.0,1280000000.0,124000000.0,578000000.0,14108.522787,SiCube_24.150000000000002_5.0_20250428-194119,Carbonium,14.981389578163773,0.4,0.33374741200828156,12823.342868880141,1.2492488,1.6582935,1.7470408,1.8150175,1.8561563,1.9140437
5.323,5.0,182500000.0,48300000.0,67100000.0,14076.15406,SiCube_24.150000000000002_5.0_20250428-194658,Germanium,14.981389578163773,0.4,0.33374741200828156,3550.4469426244787,1.2496329,1.6810909,1.8232775,1.8578525,1.8964189,1.9982858
2.329,5.0,223100000.0,63900000.0,79600000.0,14108.811242,SiCube_24.150000000000002_5.0_20250428-194901,Siliconium,14.981389578163773,0.4,0.33374741200828156,5846.174706140654,1.24968,1.6832601,1.8239897,1.8581256,1.9127166,2.0072134
3.515,5.0,1280000000.0,124000000.0,578000000.0,14108.522787,SiCube_24.150000000000002_5.0_20250428-194119,Carbonium,14.981389578163773,0.5,0.33374741200828156,12823.342868880141,1.3549371,1.7978822,1.8964284,1.9496654,2.04372,2.0804699
5.323,5.0,182500000.0,48300000.0,67100000.0,14076.15406,SiCube_24.150000000000002_5.0_20250428-194658,Germanium,14.981389578163773,0.5,0.33374741200828156,3550.4469426244787,1.355322,1.8212486,1.9545955,2.0456187,2.0599213,2.1734797
2.329,5.0,223100000.0,63900000.0,79600000.0,14108.811242,SiCube_24.150000000000002_5.0_20250428-194901,Siliconium,14.981389578163773,0.5,0.33374741200828156,5846.174706140654,1.3553697,1.8234915,1.9551048,2.0459242,2.0777765,2.1831703
3.515,5.0,1280000000.0,124000000.0,578000000.0,14108.522787,SiCube_24.150000000000002_5.0_20250428-194119,Carbonium,14.981389578163773,0.6,0.33374741200828156,12823.342868880141,1.4524936,1.9267075,2.0339945,2.0638912,2.2154232,2.2421046
5.323,5.0,182500000.0,48300000.0,67100000.0,14076.15406,SiCube_24.150000000000002_5.0_20250428-194658,Germanium,14.981389578163773,0.6,0.33374741200828156,3550.4469426244787,1.4528844,1.9507612,2.0691534,2.2102728,2.2175062,2.340063
2.329,5.0,223100000.0,63900000.0,79600000.0,14108.811242,SiCube_24.150000000000002_5.0_20250428-194901,Siliconium,14.981389578163773,0.6,0.33374741200828156,5846.174706140654,1.4529331,1.9530835,2.0696757,2.2178411,2.2295351,2.3502853
3.515,5.0,1280000000.0,124000000.0,578000000.0,14108.522787,SiCube_24.150000000000002_5.0_20250428-194119,Carbonium,14.981389578163773,0.7,0.33374741200828156,12823.342868880141,1.5436335,2.0470642,2.1623337,2.1672257,2.3747233,2.3953513
5.323,5.0,182500000.0,48300000.0,67100000.0,14076.15406,SiCube_24.150000000000002_5.0_20250428-194658,Germanium,14.981389578163773,0.7,0.33374741200828156,3550.4469426244787,1.5440327,2.0718605,2.173363,2.3504152,2.3769763,2.488412
2.329,5.0,223100000.0,63900000.0,79600000.0,14108.811242,SiCube_24.150000000000002_5.0_20250428-194901,Siliconium,14.981389578163773,0.7,0.33374741200828156,5846.174706140654,1.5440826,2.0742647,2.1739452,2.3709744,2.3773384,2.488894
3.515,5.0,1280000000.0,124000000.0,578000000.0,14108.522787,SiCube_24.150000000000002_5.0_20250428-194119,Carbonium,14.981389578163773,0.8,0.33374741200828156,12823.342868880141,1.629521,2.1604971,2.2634026,2.2831698,2.5239769,2.5403279
5.323,5.0,182500000.0,48300000.0,67100000.0,14076.15406,SiCube_24.150000000000002_5.0_20250428-194658,Germanium,14.981389578163773,0.8,0.33374741200828156,3550.4469426244787,1.6299299,2.18606,2.270362,2.4822855,2.5263885,2.5885169
2.329,5.0,223100000.0,63900000.0,79600000.0,14108.811242,SiCube_24.150000000000002_5.0_20250428-194901,Siliconium,14.981389578163773,0.8,0.33374741200828156,5846.174706140654,1.6299813,2.1885465,2.2710081,2.5040559,2.5267759,2.588937
3.515,5.0,1280000000.0,124000000.0,578000000.0,14108.522787,SiCube_24.150000000000002_5.0_20250428-194119,Carbonium,14.981389578163773,0.9,0.33374741200828156,12823.342868880141,1.7109959,2.2681158,2.354227,2.3977292,2.6648765,2.6779053
5.323,5.0,182500000.0,48300000.0,67100000.0,14076.15406,SiCube_24.150000000000002_5.0_20250428-194658,Germanium,14.981389578163773,0.9,0.33374741200828156,3550.4469426244787,1.7114153,2.2944526,2.3618855,2.6072527,2.6674372,2.6836408
2.329,5.0,223100000.0,63900000.0,79600000.0,14108.811242,SiCube_24.150000000000002_5.0_20250428-194901,Siliconium,14.981389578163773,0.9,0.33374741200828156,5846.174706140654,1.7114681,2.2970208,2.3625902,2.6301648,2.6678483,2.6840632
3.515,5.0,1280000000.0,124000000.0,578000000.0,14108.522787,SiCube_24.150000000000002_5.0_20250428-194119,Carbonium,14.981389578163773,1.0,0.33374741200828156,12823.342868880141,1.7886903,2.3707533,2.4407569,2.5069263,2.7719069,2.7986863
5.323,5.0,182500000.0,48300000.0,67100000.0,14076.15406,SiCube_24.150000000000002_5.0_20250428-194658,Germanium,14.981389578163773,1.0,0.33374741200828156,3550.4469426244787,1.7891205,2.3978622,2.4490084,2.7263331,2.7748358,2.801388
2.329,5.0,223100000.0,63900000.0,79600000.0,14108.811242,SiCube_24.150000000000002_5.0_20250428-194901,Siliconium,14.981389578163773,1.0,0.33374741200828156,5846.174706140654,1.7891748,2.400511,2.4497652,2.7503287,2.7752774,2.8018217
2.329,2.0,223100000.0,63900000.0,79600000.0,14837.444038,SiCube_8.05_2.0_20250428-105533,Siliconium,4.993796526054591,0.0,0.40049689440993785,5846.174706140654,0.1779167,0.1781813,0.1783783,0.1784844,0.1788533,0.1844111
2.329,2.0,223100000.0,63900000.0,79600000.0,14837.444038,SiCube_8.05_2.0_20250428-105533,Siliconium,4.993796526054591,0.1,0.40049689440993785,5846.174706140654,0.7674952,1.0353304,1.0407198,1.0898941,1.1520382,1.1839504
2.329,2.0,223100000.0,63900000.0,79600000.0,14837.444038,SiCube_8.05_2.0_20250428-105533,Siliconium,4.993796526054591,0.2,0.40049689440993785,5846.174706140654,0.9450461,1.277175,1.3515189,1.38846,1.4396338,1.5386134
2.329,2.0,223100000.0,63900000.0,79600000.0,14837.444038,SiCube_8.05_2.0_20250428-105533,Siliconium,4.993796526054591,0.3,0.40049689440993785,5846.174706140654,1.0893096,1.4685035,1.6053589,1.6062498,1.6664495,1.7525278
2.329,2.0,223100000.0,63900000.0,79600000.0,14837.444038,SiCube_8.05_2.0_20250428-105533,Siliconium,4.993796526054591,0.4,0.40049689440993785,5846.174706140654,1.2152012,1.6357245,1.771351,1.8256869,1.8625727,1.9555383
2.329,2.0,223100000.0,63900000.0,79600000.0,14837.444038,SiCube_8.05_2.0_20250428-105533,Siliconium,4.993796526054591,0.5,0.40049689440993785,5846.174706140654,1.3286605,1.7866415,1.9102929,2.021407,2.0386152,2.1461883
2.329,2.0,223100000.0,63900000.0,79600000.0,14837.444038,SiCube_8.05_2.0_20250428-105533,Siliconium,4.993796526054591,0.6,0.40049689440993785,5846.174706140654,1.4328889,1.925422,2.0339679,2.1997655,2.1999861,2.3239426
2.329,2.0,223100000.0,63900000.0,79600000.0,14837.444038,SiCube_8.05_2.0_20250428-105533,Siliconium,4.993796526054591,0.7,0.40049689440993785,5846.174706140654,1.5298795,2.0546628,2.1475834,2.3499551,2.3647006,2.4540607
2.329,2.0,223100000.0,63900000.0,79600000.0,14837.444038,SiCube_8.05_2.0_20250428-105533,Siliconium,4.993796526054591,0.8,0.40049689440993785,5846.174706140654,1.620984,2.1761296,2.2537979,2.4907022,2.5188536,2.566477
2.329,2.0,223100000.0,63900000.0,79600000.0,14837.444038,SiCube_8.05_2.0_20250428-105533,Siliconium,4.993796526054591,0.9,0.40049689440993785,5846.174706140654,1.7071734,2.2910941,2.3541815,2.6237763,2.6640984,2.6732025
2.329,2.0,223100000.0,63900000.0,79600000.0,14837.444038,SiCube_8.05_2.0_20250428-105533,Siliconium,4.993796526054591,1.0,0.40049689440993785,5846.174706140654,1.7891748,2.400511,2.4497652,2.7503287,2.7752774,2.8018217
2.329,5.0,223100000.0,63900000.0,79600000.0,14812.23457,SiCube_8.05_5.0_20250428-105534,Siliconium,4.993796526054591,0.0,1.0012422360248447,5846.174706140654,0.0287083,0.0287084,0.0287451,0.0287872,0.0288362,0.0298484
2.329,5.0,223100000.0,63900000.0,79600000.0,14812.23457,SiCube_8.05_5.0_20250428-105534,Siliconium,4.993796526054591,0.1,1.0012422360248447,5846.174706140654,0.5883609,0.7916013,0.8828208,0.8943667,0.9033391,0.9552767
2.329,5.0,223100000.0,63900000.0,79600000.0,14812.23457,SiCube_8.05_5.0_20250428-105534,Siliconium,4.993796526054591,0.2,1.0012422360248447,5846.174706140654,0.8146465,1.09439,1.1772306,1.2516384,1.2582795,1.3264405
2.329,5.0,223100000.0,63900000.0,79600000.0,14812.23457,SiCube_8.05_5.0_20250428-105534,Siliconium,4.993796526054591,0.3,1.0012422360248447,5846.174706140654,0.9904109,1.329814,1.403632,1.5220182,1.5383876,1.6039844
2.329,5.0,223100000.0,63900000.0,79600000.0,14812.23457,SiCube_8.05_5.0_20250428-105534,Siliconium,4.993796526054591,0.4,1.0012422360248447,5846.174706140654,1.1393521,1.5293904,1.5966272,1.7510906,1.7748252,1.8198025
2.329,5.0,223100000.0,63900000.0,79600000.0,14812.23457,SiCube_8.05_5.0_20250428-105534,Siliconium,4.993796526054591,0.5,1.0012422360248447,5846.174706140654,1.2709487,1.7057639,1.7680934,1.9534667,1.9832729,2.0115129
2.329,5.0,223100000.0,63900000.0,79600000.0,14812.23457,SiCube_8.05_5.0_20250428-105534,Siliconium,4.993796526054591,0.6,1.0012422360248447,5846.174706140654,1.3901391,1.8655318,1.9240681,2.136753,2.1718053,2.1860367
2.329,5.0,223100000.0,63900000.0,79600000.0,14812.23457,SiCube_8.05_5.0_20250428-105534,Siliconium,4.993796526054591,0.7,1.0012422360248447,5846.174706140654,1.4998855,2.0126543,2.0681681,2.30551,2.3452303,2.3474058
2.329,5.0,223100000.0,63900000.0,79600000.0,14812.23457,SiCube_8.05_5.0_20250428-105534,Siliconium,4.993796526054591,0.8,1.0012422360248447,5846.174706140654,1.6021305,2.1497301,2.2027763,2.4627276,2.498254,2.5066854
2.329,5.0,223100000.0,63900000.0,79600000.0,14812.23457,SiCube_8.05_5.0_20250428-105534,Siliconium,4.993796526054591,0.9,1.0012422360248447,5846.174706140654,1.69823,2.2785737,2.3295654,2.6104924,2.6404258,2.6583525
2.329,5.0,223100000.0,63900000.0,79600000.0,14812.23457,SiCube_8.05_5.0_20250428-105534,Siliconium,4.993796526054591,1.0,1.0012422360248447,5846.174706140654,1.7891748,2.400511,2.4497652,2.7503287,2.7752774,2.8018217
